L2Error: 0.48999840713064413
l2relativeError: 0.4755156045719909
Training Time: 14.912659168243408
