 validation_rel: 0.004084437303291489 validation_abs: 0.006623160514896315

 Epoch = 10000

 yexact = exp(x1*(1-x1))*sin(pi*x2) + exp(x2*(1-x2))*sin(pi*x1)

nodes = 2113
elements  4096

time = 277.08 seconds